年龄 	P3 	P10 	P25 	P50 	P75 	P90 	P97
0 月 	11.2 	11.8 	12.5 	13.2 	14.0 	14.8 	15.5
1 月 	13.0 	13.6 	14.3 	15.1 	16.0 	16.8 	17.6
2 月 	14.3 	15.0 	15.8 	16.7 	17.6 	18.5 	19.5
3 月 	14.9 	15.7 	16.5 	17.4 	18.5 	19.5 	20.5
4 月 	15.2 	16.0 	16.8 	17.8 	18.8 	19.9 	21
5 月 	15.3 	16.1 	16.9 	17.9 	19.0 	20.0 	21.1
6 月 	15.3 	16.1 	16.9 	17.9 	18.9 	20.0 	21.1
7 月 	15.3 	16.0 	16.8 	17.8 	18.9 	19.9 	21
8 月 	15.3 	16.0 	16.8 	17.7 	18.8 	19.8 	20.9
9 月 	15.2 	15.9 	16.7 	17.6 	18.6 	19.6 	20.7
10 月 	15.1 	15.8 	16.5 	17.5 	18.5 	19.4 	20.5
11 月 	15.0 	15.7 	16.4 	17.3 	18.3 	19.2 	20.3
1 岁 	14.9 	15.5 	16.3 	17.1 	18.1 	19.1 	20.1
1 岁 1 月 	14.8 	15.4 	16.1 	17.0 	17.9 	18.9 	19.9
1 岁 2 月 	14.7 	15.3 	16.0 	16.8 	17.8 	18.7 	19.7
1 岁 3 月 	14.6 	15.2 	15.9 	16.7 	17.6 	18.5 	19.5
1 岁 4 月 	14.5 	15.1 	15.8 	16.6 	17.5 	18.4 	19.4
1 岁 5 月 	14.4 	15.0 	15.7 	16.5 	17.4 	18.3 	19.2
1 岁 6 月 	14.3 	14.9 	15.6 	16.4 	17.2 	18.1 	19.1
1 岁 7 月 	14.2 	14.8 	15.5 	16.3 	17.1 	18.0 	19
1 岁 8 月 	14.2 	14.8 	15.4 	16.2 	17.0 	17.9 	18.9
1 岁 9 月 	14.1 	14.7 	15.3 	16.1 	17.0 	17.8 	18.8
1 岁 10 月 	14.0 	14.6 	15.2 	16.0 	16.9 	17.7 	18.7
1 岁 11 月 	14.0 	14.6 	15.2 	15.9 	16.8 	17.6 	18.6
2 岁 	14.1 	14.7 	15.3 	16.1 	17.0 	17.9 	18.8
2 岁 3 月 	14.0 	14.5 	15.2 	15.9 	16.8 	17.6 	18.6
2 岁 6 月 	13.9 	14.4 	15.0 	15.8 	16.6 	17.4 	18.4
2 岁 9 月 	13.7 	14.3 	14.9 	15.6 	16.5 	17.3 	18.2
3 岁 	13.7 	14.2 	14.8 	15.5 	16.3 	17.2 	18.1
3 岁 3 月 	13.6 	14.1 	14.7 	15.4 	16.3 	17.1 	18
3 岁 6 月 	13.5 	14.1 	14.7 	15.4 	16.2 	17.0 	17.9
3 岁 9 月 	13.5 	14.0 	14.6 	15.3 	16.2 	17.0 	17.9
4 岁 	13.4 	14.0 	14.6 	15.3 	16.1 	17.0 	17.9
4 岁 3 月 	13.4 	13.9 	14.5 	15.3 	16.1 	17.0 	17.9
4 岁 6 月 	13.4 	13.9 	14.5 	15.3 	16.1 	17.0 	18
4 岁 9 月 	13.3 	13.9 	14.5 	15.3 	16.1 	17.1 	18.1
5 岁 	13.3 	13.8 	14.5 	15.3 	16.2 	17.1 	18.2
5 岁 3 月 	13.2 	13.8 	14.5 	15.3 	16.2 	17.2 	18.3
5 岁 6 月 	13.2 	13.8 	14.5 	15.3 	16.3 	17.3 	18.5
5 岁 9 月 	13.2 	13.8 	14.5 	15.3 	16.3 	17.4 	18.6
6 岁 	13.2 	13.8 	14.5 	15.4 	16.4 	17.5 	18.8
6 岁 3 月 	13.1 	13.8 	14.5 	15.4 	16.5 	17.6 	19
6 岁 6 月 	13.1 	13.8 	14.5 	15.4 	16.5 	17.7 	19.2
6 岁 9 月 	13.1 	13.7 	14.5 	15.4 	16.6 	17.8 	19.4