月 	-2SD 	-1SD 	中位数 	1SD 	2SD 
0 	46.1 	48.0 	49.9 	51.8 	53.7 
1 	50.8 	52.8 	54.7 	56.7 	58.6 
2 	54.4 	56.4 	58.4 	60.4 	62.4 
3 	57.3 	59.4 	61.4 	63.5 	65.5 
4 	59.7 	61.8 	63.9 	66.0 	68.0 
5 	61.7 	63.8 	65.9 	68.0 	70.1 
6 	63.3 	65.5 	67.6 	69.8 	71.9 
7 	64.8 	67.0 	69.2 	71.3 	73.5 
8 	66.2 	68.4 	70.6 	72.8 	75.0 
9 	67.5 	69.7 	72.0 	74.2 	76.5 
10 	68.7 	71.0 	73.3 	75.6 	77.9 
11 	69.9 	72.2 	74.5 	76.9 	79.2 
12 	71.0 	73.4 	75.7 	78.1 	80.5 
13 	72.1 	74.5 	76.9 	79.3 	81.8 
14 	73.1 	75.6 	78.0 	80.5 	83.0 
15 	74.1 	76.6 	79.1 	81.7 	84.2 
16 	75.0 	77.6 	80.2 	82.8 	85.4 
17 	76.0 	78.6 	81.2 	83.9 	86.5 
18 	76.9 	79.6 	82.3 	85.0 	87.7 
19 	77.7 	80.5 	83.2 	86.0 	88.8 
20 	78.6 	81.4 	84.2 	87.0 	89.8 
21 	79.4 	82.3 	85.1 	88.0 	90.9 
22 	80.2 	83.1 	86.0 	89.0 	91.9 
23 	81.0 	83.9 	86.9 	89.9 	92.9 
24 	81.0 	84.1 	87.1 	90.2 	93.2 
25 	81.7 	84.9 	88.0 	91.1 	94.2 
26 	82.5 	85.6 	88.8 	92.0 	95.2 
27 	83.1 	86.4 	89.6 	92.9 	96.1 
28 	83.8 	87.1 	90.4 	93.7 	97.0 
29 	84.5 	87.8 	91.2 	94.5 	97.9 
30 	85.1 	88.5 	91.9 	95.3 	98.7 
31 	85.7 	89.2 	92.7 	96.1 	99.6 
32 	86.4 	89.9 	93.4 	96.9 	100.4 
33 	86.9 	90.5 	94.1 	97.6 	101.2 
34 	87.5 	91.1 	94.8 	98.4 	102.0 
35 	88.1 	91.8 	95.4 	99.1 	102.7 
36	88.7	92.4	96.1	99.8	103.5