月 	-2SD 	-1SD 	中位数 	1SD 	2SD 
0 	45.4 	47.3 	49.1 	51.0 	52.9 
1 	49.8 	51.7 	53.7 	55.6 	57.6 
2 	53.0 	55.0 	57.1 	59.1 	61.1 
3 	55.6 	57.7 	59.8 	61.9 	64.0 
4 	57.8 	59.9 	62.1 	64.3 	66.4 
5 	59.6 	61.8 	64.0 	66.2 	68.5 
6 	61.2 	63.5 	65.7 	68.0 	70.3 
7 	62.7 	65.0 	67.3 	69.6 	71.9 
8 	64.0 	66.4 	68.7 	71.1 	73.5 
9 	65.3 	67.7 	70.1 	72.6 	75.0 
10 	66.5 	69.0 	71.5 	73.9 	76.4 
11 	67.7 	70.3 	72.8 	75.3 	77.8 
12 	68.9 	71.4 	74.0 	76.6 	79.2 
13 	70.0 	72.6 	75.2 	77.8 	80.5 
14 	71.0 	73.7 	76.4 	79.1 	81.7 
15 	72.0 	74.8 	77.5 	80.2 	83.0 
16 	73.0 	75.8 	78.6 	81.4 	84.2 
17 	74.0 	76.8 	79.7 	82.5 	85.4 
18 	74.9 	77.8 	80.7 	83.6 	86.5 
19 	75.8 	78.8 	81.7 	84.7 	87.6 
20 	76.7 	79.7 	82.7 	85.7 	88.7 
21 	77.5 	80.6 	83.7 	86.7 	89.8 
22 	78.4 	81.5 	84.6 	87.7 	90.8 
23 	79.2 	82.3 	85.5 	88.7 	91.9 
24 	79.3 	82.5 	85.7 	88.9 	92.2 
25 	80.0 	83.3 	86.6 	89.9 	93.1 
26 	80.8 	84.1 	87.4 	90.8 	94.1 
27 	81.5 	84.9 	88.3 	91.7 	95.0 
28 	82.2 	85.7 	89.1 	92.5 	96.0 
29 	82.9 	86.4 	89.9 	93.4 	96.9 
30 	83.6 	87.1 	90.7 	94.2 	97.7 
31 	84.3 	87.9 	91.4 	95.0 	98.6 
32 	84.9 	88.6 	92.2 	95.8 	99.4 
33 	85.6 	89.3 	92.9 	96.6 	100.3 
34 	86.2 	89.9 	93.6 	97.4 	101.1 
35 	86.8 	90.6 	94.4 	98.1 	101.9 
36	87.4	91.2	95.1	98.9	102.7