月 	-2SD 	-1SD 	中位数 	1SD 	2SD 
0 	2.5 	2.9 	3.3 	3.9 	4.4 
1 	3.4 	3.9 	4.5 	5.1 	5.8 
2 	4.3 	4.9 	5.6 	6.3 	7.1 
3 	5.0 	5.7 	6.4 	7.2 	8.0 
4 	5.6 	6.2 	7.0 	7.8 	8.7 
5 	6.0 	6.7 	7.5 	8.4 	9.3 
6 	6.4 	7.1 	7.9 	8.8 	9.8 
7 	6.7 	7.4 	8.3 	9.2 	10.3 
8 	6.9 	7.7 	8.6 	9.6 	10.7 
9 	7.1 	8.0 	8.9 	9.9 	11.0 
10 	7.4 	8.2 	9.2 	10.2 	11.4 
11 	7.6 	8.4 	9.4 	10.5 	11.7 
12 	7.7 	8.6 	9.6 	10.8 	12.0 
13 	7.9 	8.8 	9.9 	11.0 	12.3 
14 	8.1 	9.0 	10.1 	11.3 	12.6 
15 	8.3 	9.2 	10.3 	11.5 	12.8 
16 	8.4 	9.4 	10.5 	11.7 	13.1 
17 	8.6 	9.6 	10.7 	12.0 	13.4 
18 	8.8 	9.8 	10.9 	12.2 	13.7 
19 	8.9 	10.0 	11.1 	12.5 	13.9 
20 	9.1 	10.1 	11.3 	12.7 	14.2 
21 	9.2 	10.3 	11.5 	12.9 	14.5 
22 	9.4 	10.5 	11.8 	13.2 	14.7 
23 	9.5 	10.7 	12.0 	13.4 	15.0 
24 	9.7 	10.8 	12.2 	13.6 	15.3 
25 	9.8 	11.0 	12.4 	13.9 	15.5 
26 	10.0 	11.2 	12.5 	14.1 	15.8 
27 	10.1 	11.3 	12.7 	14.3 	16.1 
28 	10.2 	11.5 	12.9 	14.5 	16.3 
29 	10.4 	11.7 	13.1 	14.8 	16.6 
30 	10.5 	11.8 	13.3 	15.0 	16.9 
31 	10.7 	12.0 	13.5 	15.2 	17.1 
32 	10.8 	12.1 	13.7 	15.4 	17.4 
33 	10.9 	12.3 	13.8 	15.6 	17.6 
34 	11.0 	12.4 	14.0 	15.8 	17.8 
35 	11.2 	12.6 	14.2 	16.0 	18.1 
36	11.3	12.7	14.3	16.2	18.3