月 	-2SD 	-1SD 	中位数 	1SD 	2SD 
0 	11.1 	12.2 	13.4 	14.8 	16.3 
1 	12.4 	13.6 	14.9 	16.3 	17.8 
2 	13.7 	15.0 	16.3 	17.8 	19.4 
3 	14.3 	15.5 	16.9 	18.4 	20.0 
4 	14.5 	15.8 	17.2 	18.7 	20.3 
5 	14.7 	15.9 	17.3 	18.8 	20.5 
6 	14.7 	16.0 	17.3 	18.8 	20.5 
7 	14.8 	16.0 	17.3 	18.8 	20.5 
8 	14.7 	15.9 	17.3 	18.7 	20.4 
9 	14.7 	15.8 	17.2 	18.6 	20.3 
10 	14.6 	15.7 	17.0 	18.5 	20.1 
11 	14.5 	15.6 	16.9 	18.4 	20.0 
12 	14.4 	15.5 	16.8 	18.2 	19.8 
13 	14.3 	15.4 	16.7 	18.1 	19.7 
14 	14.2 	15.3 	16.6 	18.0 	19.5 
15 	14.1 	15.2 	16.4 	17.8 	19.4 
16 	14.0 	15.1 	16.3 	17.7 	19.3 
17 	13.9 	15.0 	16.2 	17.6 	19.1 
18 	13.9 	14.9 	16.1 	17.5 	19.0 
19 	13.8 	14.9 	16.1 	17.4 	18.9 
20 	13.7 	14.8 	16.0 	17.3 	18.8 
21 	13.7 	14.7 	15.9 	17.2 	18.7 
22 	13.6 	14.7 	15.8 	17.2 	18.7 
23 	13.6 	14.6 	15.8 	17.1 	18.6 
24 	13.8 	14.8 	16.0 	17.3 	18.9 
25 	13.8 	14.8 	16.0 	17.3 	18.8 
26 	13.7 	14.8 	15.9 	17.3 	18.8 
27 	13.7 	14.7 	15.9 	17.2 	18.7 
28 	13.6 	14.7 	15.9 	17.2 	18.7 
29 	13.6 	14.7 	15.8 	17.1 	18.6 
30 	13.6 	14.6 	15.8 	17.1 	18.6 
31 	13.5 	14.6 	15.8 	17.1 	18.5 
32 	13.5 	14.6 	15.7 	17.0 	18.5 
33 	13.5 	14.5 	15.7 	17.0 	18.5 
34 	13.4 	14.5 	15.7 	17.0 	18.4 
35 	13.4 	14.5 	15.6 	16.9 	18.4 
36	13.4	14.4	15.6	16.9	18.4