月 	-2SD 	-1SD 	中位数 	1SD 	2SD 
0 	11.1 	12.2 	13.3 	14.6 	16.1 
1 	12.0 	13.2 	14.6 	16.0 	17.5 
2 	13.0 	14.3 	15.8 	17.3 	19.0 
3 	13.6 	14.9 	16.4 	17.9 	19.7 
4 	13.9 	15.2 	16.7 	18.3 	20.0 
5 	14.1 	15.4 	16.8 	18.4 	20.2 
6 	14.1 	15.5 	16.9 	18.5 	20.3 
7 	14.2 	15.5 	16.9 	18.5 	20.3 
8 	14.1 	15.4 	16.8 	18.4 	20.2 
9 	14.1 	15.3 	16.7 	18.3 	20.1 
10 	14.0 	15.2 	16.6 	18.2 	19.9 
11 	13.9 	15.1 	16.5 	18.0 	19.8 
12 	13.8 	15.0 	16.4 	17.9 	19.6 
13 	13.7 	14.9 	16.2 	17.7 	19.5 
14 	13.6 	14.8 	16.1 	17.6 	19.3 
15 	13.5 	14.7 	16.0 	17.5 	19.2 
16 	13.5 	14.6 	15.9 	17.4 	19.1 
17 	13.4 	14.5 	15.8 	17.3 	18.9 
18 	13.3 	14.4 	15.7 	17.2 	18.8 
19 	13.3 	14.4 	15.7 	17.1 	18.8 
20 	13.2 	14.3 	15.6 	17.0 	18.7 
21 	13.2 	14.3 	15.5 	17.0 	18.6 
22 	13.1 	14.2 	15.5 	16.9 	18.5 
23 	13.1 	14.2 	15.4 	16.9 	18.5 
24 	13.1 	14.2 	15.4 	16.8 	18.4 
24 	13.3 	14.4 	15.7 	17.1 	18.7 
25 	13.3 	14.4 	15.7 	17.1 	18.7 
26 	13.3 	14.4 	15.6 	17.0 	18.7 
27 	13.3 	14.4 	15.6 	17.0 	18.6 
28 	13.3 	14.3 	15.6 	17.0 	18.6 
29 	13.2 	14.3 	15.6 	17.0 	18.6 
30 	13.2 	14.3 	15.5 	16.9 	18.5 
31 	13.2 	14.3 	15.5 	16.9 	18.5 
32 	13.2 	14.3 	15.5 	16.9 	18.5 
33 	13.1 	14.2 	15.5 	16.9 	18.5 
34 	13.1 	14.2 	15.4 	16.8 	18.5 
35 	13.1 	14.2 	15.4 	16.8 	18.4 
36	13.1	14.2	15.4	16.8	18.4